-50 0 0 0 0 270 0 0 0 0 -30 60 75 0 60 75 30 60 75 30 150 -75 0 120 -75 -30 120 -75
-50 0 0 0 0 270 0 0 0 0 -30 60 75 0 30 75 30 60 75 45 120 -75 0 120 -75 -30 120 -75
-49 0 0 0 0 270 0 0 0 0 -30 60 75 -15 70 75 30 60 75 30 120 -75 0 120 -75 -30 120 -75
-48 0 0 0 0 270 0 0 0 0 -30 60 75 0 65 75 30 60 75 30 120 -75 0 120 -75 -30 150 -75
-47 0 0 0 0 270 0 0 0 0 -30 60 75 0 65 75 30 60 75 30 120 -75 0 120 -75 -15 115 -75
-46 0 0 0 0 270 0 0 0 0 -30 60 75 0 65 75 30 60 75 30 120 -75 0 120 -75 -30 115 -75
-46 0 0 0 0 270 0 0 0 0 -30 60 75 0 60 75 30 60 75 30 120 -75 0 120 -75 -30 120 -75
-46 0 0 0 0 270 0 0 0 0 -30 30 75 0 60 75 30 60 75 30 120 -75 0 120 -75 -30 120 -75
-46 0 0 0 0 270 0 0 0 0 -45 60 75 0 60 75 30 60 75 30 120 -75 0 150 -75 -30 120 -75
-45 0 0 0 0 270 0 0 0 0 -30 60 75 0 60 75 30 60 75 30 120 -75 15 120 -75 -30 120 -75
-44 0 0 0 0 270 0 0 0 0 -30 60 75 0 60 75 30 30 75 30 120 -75 0 120 -75 -30 120 -75
-43 0 0 0 0 270 0 0 0 0 -30 60 75 0 60 75 15 60 75 30 120 -75 0 120 -75 -30 120 -75
-42 0 0 0 0 270 0 0 0 0 -30 60 75 0 60 75 30 60 75 30 120 -75 0 120 -75 -30 120 -75
-42 0 0 0 0 270 0 0 0 0 -30 60 75 0 60 75 30 60 75 30 150 -75 0 120 -75 -30 120 -75
-42 0 0 0 0 270 0 0 0 0 -30 60 75 0 30 75 30 60 75 45 120 -75 0 120 -75 -30 120 -75
-41 0 0 0 0 270 0 0 0 0 -30 60 75 -15 70 75 30 60 75 30 120 -75 0 120 -75 -30 120 -75
-40 0 0 0 0 270 0 0 0 0 -30 60 75 0 65 75 30 60 75 30 120 -75 0 120 -75 -30 150 -75
-39 0 0 0 0 270 0 0 0 0 -30 60 75 0 65 75 30 60 75 30 120 -75 0 120 -75 -15 115 -75
-38 0 0 0 0 270 0 0 0 0 -30 60 75 0 65 75 30 60 75 30 120 -75 0 120 -75 -30 115 -75
-38 0 0 0 0 270 0 0 0 0 -30 60 75 0 60 75 30 60 75 30 120 -75 0 120 -75 -30 120 -75
-38 0 0 0 0 270 0 0 0 0 -30 30 75 0 60 75 30 60 75 30 120 -75 0 120 -75 -30 120 -75
-38 0 0 0 0 270 0 0 0 0 -45 60 75 0 60 75 30 60 75 30 120 -75 0 150 -75 -30 120 -75
-37 0 0 0 0 270 0 0 0 0 -30 60 75 0 60 75 30 60 75 30 120 -75 15 120 -75 -30 120 -75
-36 0 0 0 0 270 0 0 0 0 -30 60 75 0 60 75 30 30 75 30 120 -75 0 120 -75 -30 120 -75
-35 0 0 0 0 270 0 0 0 0 -30 60 75 0 60 75 15 60 75 30 120 -75 0 120 -75 -30 120 -75
-34 0 0 0 0 270 0 0 0 0 -30 60 75 0 60 75 30 60 75 30 120 -75 0 120 -75 -30 120 -75
-34 0 0 0 0 270 0 0 0 0 -30 60 75 0 60 75 30 60 75 30 150 -75 0 120 -75 -30 120 -75
-34 0 0 0 0 270 0 0 0 0 -30 60 75 0 30 75 30 60 75 45 120 -75 0 120 -75 -30 120 -75
-33 0 0 0 0 270 0 0 0 0 -30 60 75 -15 70 75 30 60 75 30 120 -75 0 120 -75 -30 120 -75
-32 0 0 0 0 270 0 0 0 0 -30 60 75 0 65 75 30 60 75 30 120 -75 0 120 -75 -30 150 -75
-31 0 0 0 0 270 0 0 0 0 -30 60 75 0 65 75 30 60 75 30 120 -75 0 120 -75 -15 115 -75
-30 0 0 0 0 270 0 0 0 0 -30 60 75 0 65 75 30 60 75 30 120 -75 0 120 -75 -30 115 -75
-30 0 0 0 0 270 0 0 0 0 -30 60 75 0 60 75 30 60 75 30 120 -75 0 120 -75 -30 120 -75
-30 0 0 0 0 270 0 0 0 0 -30 30 75 0 60 75 30 60 75 30 120 -75 0 120 -75 -30 120 -75
-30 0 0 0 0 270 0 0 0 0 -45 60 75 0 60 75 30 60 75 30 120 -75 0 150 -75 -30 120 -75
-29 0 0 0 0 270 0 0 0 0 -30 60 75 0 60 75 30 60 75 30 120 -75 15 120 -75 -30 120 -75
-28 0 0 0 0 270 0 0 0 0 -30 60 75 0 60 75 30 30 75 30 120 -75 0 120 -75 -30 120 -75
-27 0 0 0 0 270 0 0 0 0 -30 60 75 0 60 75 15 60 75 30 120 -75 0 120 -75 -30 120 -75
-26 0 0 0 0 270 0 0 0 0 -30 60 75 0 60 75 30 60 75 30 120 -75 0 120 -75 -30 120 -75
-26 0 0 0 0 270 0 0 0 0 -30 60 75 0 60 75 30 60 75 30 150 -75 0 120 -75 -30 120 -75
-26 0 0 0 0 270 0 0 0 0 -30 60 75 0 30 75 30 60 75 45 120 -75 0 120 -75 -30 120 -75
-25 0 0 0 0 270 0 0 0 0 -30 60 75 -15 70 75 30 60 75 30 120 -75 0 120 -75 -30 120 -75
-24 0 0 0 0 270 0 0 0 0 -30 60 75 0 65 75 30 60 75 30 120 -75 0 120 -75 -30 150 -75
-23 0 0 0 0 270 0 0 0 0 -30 60 75 0 65 75 30 60 75 30 120 -75 0 120 -75 -15 115 -75
-22 0 0 0 0 270 0 0 0 0 -30 60 75 0 65 75 30 60 75 30 120 -75 0 120 -75 -30 115 -75
-22 0 0 0 0 270 0 0 0 0 -30 60 75 0 60 75 30 60 75 30 120 -75 0 120 -75 -30 120 -75
-22 0 0 0 0 270 0 0 0 0 -30 30 75 0 60 75 30 60 75 30 120 -75 0 120 -75 -30 120 -75
-22 0 0 0 0 270 0 0 0 0 -45 60 75 0 60 75 30 60 75 30 120 -75 0 150 -75 -30 120 -75
-21 0 0 0 0 270 0 0 0 0 -30 60 75 0 60 75 30 60 75 30 120 -75 15 120 -75 -30 120 -75
-20 0 0 0 0 270 0 0 0 0 -30 60 75 0 60 75 30 30 75 30 120 -75 0 120 -75 -30 120 -75
-19 0 0 0 0 270 0 0 0 0 -30 60 75 0 60 75 15 60 75 30 120 -75 0 120 -75 -30 120 -75
-18 0 0 0 0 270 0 0 0 0 -30 60 75 0 60 75 30 60 75 30 120 -75 0 120 -75 -30 120 -75
-18 0 0 0 0 270 0 0 0 0 -30 60 75 0 60 75 30 60 75 30 150 -75 0 120 -75 -30 120 -75
-18 0 0 0 0 270 0 0 0 0 -30 60 75 0 30 75 30 60 75 45 120 -75 0 120 -75 -30 120 -75
-17 0 0 0 0 270 0 0 0 0 -30 60 75 -15 70 75 30 60 75 30 120 -75 0 120 -75 -30 120 -75
-16 0 0 0 0 270 0 0 0 0 -30 60 75 0 65 75 30 60 75 30 120 -75 0 120 -75 -30 150 -75
-15 0 0 0 0 270 0 0 0 0 -30 60 75 0 65 75 30 60 75 30 120 -75 0 120 -75 -15 115 -75
-14 0 0 0 0 270 0 0 0 0 -30 60 75 0 65 75 30 60 75 30 120 -75 0 120 -75 -30 115 -75
-14 0 0 0 0 270 0 0 0 0 -30 60 75 0 60 75 30 60 75 30 120 -75 0 120 -75 -30 120 -75
-14 0 0 0 0 270 0 0 0 0 -30 30 75 0 60 75 30 60 75 30 120 -75 0 120 -75 -30 120 -75
-14 0 0 0 0 270 0 0 0 0 -45 60 75 0 60 75 30 60 75 30 120 -75 0 150 -75 -30 120 -75
-13 0 0 0 0 270 0 0 0 0 -30 60 75 0 60 75 30 60 75 30 120 -75 15 120 -75 -30 120 -75
-12 0 0 0 0 270 0 0 0 0 -30 60 75 0 60 75 30 30 75 30 120 -75 0 120 -75 -30 120 -75
-11 0 0 0 0 270 0 0 0 0 -30 60 75 0 60 75 15 60 75 30 120 -75 0 120 -75 -30 120 -75
-10 0 0 0 0 270 0 0 0 0 -30 60 75 0 60 75 30 60 75 30 120 -75 0 120 -75 -30 120 -75
-10 0 0 0 0 270 0 0 0 0 -30 60 75 0 60 75 30 60 75 30 150 -75 0 120 -75 -30 120 -75
-10 0 0 0 0 270 0 0 0 0 -30 60 75 0 30 75 30 60 75 45 120 -75 0 120 -75 -30 120 -75
-9 0 0 0 0 270 0 0 0 0 -30 60 75 -15 70 75 30 60 75 30 120 -75 0 120 -75 -30 120 -75
-8 0 0 0 0 270 0 0 0 0 -30 60 75 0 65 75 30 60 75 30 120 -75 0 120 -75 -30 150 -75
-7 0 0 0 0 270 0 0 0 0 -30 60 75 0 65 75 30 60 75 30 120 -75 0 120 -75 -15 115 -75
-6 0 0 0 0 270 0 0 0 0 -30 60 75 0 65 75 30 60 75 30 120 -75 0 120 -75 -30 115 -75
-6 0 0 0 0 270 0 0 0 0 -30 60 75 0 60 75 30 60 75 30 120 -75 0 120 -75 -30 120 -75
-6 0 0 0 0 270 0 0 0 0 -30 30 75 0 60 75 30 60 75 30 120 -75 0 120 -75 -30 120 -75
-6 0 0 0 0 270 0 0 0 0 -45 60 75 0 60 75 30 60 75 30 120 -75 0 150 -75 -30 120 -75
-5 0 0 0 0 270 0 0 0 0 -30 60 75 0 60 75 30 60 75 30 120 -75 15 120 -75 -30 120 -75
-4 0 0 0 0 270 0 0 0 0 -30 60 75 0 60 75 30 30 75 30 120 -75 0 120 -75 -30 120 -75
-3 0 0 0 0 270 0 0 0 0 -30 60 75 0 60 75 15 60 75 30 120 -75 0 120 -75 -30 120 -75
-2 0 0 0 0 270 0 0 0 0 -30 60 75 0 60 75 30 60 75 30 120 -75 0 120 -75 -30 120 -75
-2 0 0 0 0 270 0 0 0 0 -30 60 75 0 60 75 30 60 75 30 150 -75 0 120 -75 -30 120 -75
-2 0 0 0 0 270 0 0 0 0 -30 60 75 0 30 75 30 60 75 45 120 -75 0 120 -75 -30 120 -75
-1 0 0 0 0 270 0 0 0 0 -30 60 75 -15 70 75 30 60 75 30 120 -75 0 120 -75 -30 120 -75
0 0 0 0 0 270 0 0 0 0 -30 60 75 0 65 75 30 60 75 30 120 -75 0 120 -75 -30 150 -75
1 0 0 0 0 270 0 0 0 0 -30 60 75 0 65 75 30 60 75 30 120 -75 0 120 -75 -15 115 -75
2 0 0 0 0 270 0 0 0 0 -30 60 75 0 65 75 30 60 75 30 120 -75 0 120 -75 -30 115 -75
2 0 0 0 0 270 0 0 0 0 -30 60 75 0 60 75 30 60 75 30 120 -75 0 120 -75 -30 120 -75
2 0 0 0 0 270 0 0 0 0 -30 30 75 0 60 75 30 60 75 30 120 -75 0 120 -75 -30 120 -75
2 0 0 0 0 270 0 0 0 0 -45 60 75 0 60 75 30 60 75 30 120 -75 0 150 -75 -30 120 -75
3 0 0 0 0 270 0 0 0 0 -30 60 75 0 60 75 30 60 75 30 120 -75 15 120 -75 -30 120 -75
4 0 0 0 0 270 0 0 0 0 -30 60 75 0 60 75 30 30 75 30 120 -75 0 120 -75 -30 120 -75
5 0 0 0 0 270 0 0 0 0 -30 60 75 0 60 75 15 60 75 30 120 -75 0 120 -75 -30 120 -75
6 0 0 0 0 270 0 0 0 0 -30 60 75 0 60 75 30 60 75 30 120 -75 0 120 -75 -30 120 -75
6 0 0 0 0 270 0 0 0 0 -30 60 75 0 60 75 30 60 75 30 150 -75 0 120 -75 -30 120 -75
6 0 0 0 0 270 0 0 0 0 -30 60 75 0 30 75 30 60 75 45 120 -75 0 120 -75 -30 120 -75
7 0 0 0 0 270 0 0 0 0 -30 60 75 -15 70 75 30 60 75 30 120 -75 0 120 -75 -30 120 -75
8 0 0 0 0 270 0 0 0 0 -30 60 75 0 65 75 30 60 75 30 120 -75 0 120 -75 -30 150 -75
9 0 0 0 0 270 0 0 0 0 -30 60 75 0 65 75 30 60 75 30 120 -75 0 120 -75 -15 115 -75
10 0 0 0 0 270 0 0 0 0 -30 60 75 0 65 75 30 60 75 30 120 -75 0 120 -75 -30 115 -75
10 0 0 0 0 270 0 0 0 0 -30 60 75 0 60 75 30 60 75 30 120 -75 0 120 -75 -30 120 -75
10 0 0 0 0 270 0 0 0 0 -30 30 75 0 60 75 30 60 75 30 120 -75 0 120 -75 -30 120 -75
10 0 0 0 0 270 0 0 0 0 -45 60 75 0 60 75 30 60 75 30 120 -75 0 150 -75 -30 120 -75
11 0 0 0 0 270 0 0 0 0 -30 60 75 0 60 75 30 60 75 30 120 -75 15 120 -75 -30 120 -75
12 0 0 0 0 270 0 0 0 0 -30 60 75 0 60 75 30 30 75 30 120 -75 0 120 -75 -30 120 -75
13 0 0 0 0 270 0 0 0 0 -30 60 75 0 60 75 15 60 75 30 120 -75 0 120 -75 -30 120 -75
14 0 0 0 0 270 0 0 0 0 -30 60 75 0 60 75 30 60 75 30 120 -75 0 120 -75 -30 120 -75
14 0 0 0 0 270 0 0 0 0 -30 60 75 0 60 75 30 60 75 30 150 -75 0 120 -75 -30 120 -75
14 0 0 0 0 270 0 0 0 0 -30 60 75 0 30 75 30 60 75 45 120 -75 0 120 -75 -30 120 -75
15 0 0 0 0 270 0 0 0 0 -30 60 75 -15 70 75 30 60 75 30 120 -75 0 120 -75 -30 120 -75
16 0 0 0 0 270 0 0 0 0 -30 60 75 0 65 75 30 60 75 30 120 -75 0 120 -75 -30 150 -75
17 0 0 0 0 270 0 0 0 0 -30 60 75 0 65 75 30 60 75 30 120 -75 0 120 -75 -15 115 -75
18 0 0 0 0 270 0 0 0 0 -30 60 75 0 65 75 30 60 75 30 120 -75 0 120 -75 -30 115 -75
18 0 0 0 0 270 0 0 0 0 -30 60 75 0 60 75 30 60 75 30 120 -75 0 120 -75 -30 120 -75
18 0 0 0 0 270 0 0 0 0 -30 30 75 0 60 75 30 60 75 30 120 -75 0 120 -75 -30 120 -75
18 0 0 0 0 270 0 0 0 0 -45 60 75 0 60 75 30 60 75 30 120 -75 0 150 -75 -30 120 -75
19 0 0 0 0 270 0 0 0 0 -30 60 75 0 60 75 30 60 75 30 120 -75 15 120 -75 -30 120 -75
20 0 0 0 0 270 0 0 0 0 -30 60 75 0 60 75 30 30 75 30 120 -75 0 120 -75 -30 120 -75
21 0 0 0 0 270 0 0 0 0 -30 60 75 0 60 75 15 60 75 30 120 -75 0 120 -75 -30 120 -75
22 0 0 0 0 270 0 0 0 0 -30 60 75 0 60 75 30 60 75 30 120 -75 0 120 -75 -30 120 -75
22 0 0 0 0 270 0 0 0 0 -30 60 75 0 60 75 30 60 75 30 150 -75 0 120 -75 -30 120 -75
22 0 0 0 0 270 0 0 0 0 -30 60 75 0 30 75 30 60 75 45 120 -75 0 120 -75 -30 120 -75
23 0 0 0 0 270 0 0 0 0 -30 60 75 -15 70 75 30 60 75 30 120 -75 0 120 -75 -30 120 -75
24 0 0 0 0 270 0 0 0 0 -30 60 75 0 65 75 30 60 75 30 120 -75 0 120 -75 -30 150 -75
25 0 0 0 0 270 0 0 0 0 -30 60 75 0 65 75 30 60 75 30 120 -75 0 120 -75 -15 115 -75
26 0 0 0 0 270 0 0 0 0 -30 60 75 0 65 75 30 60 75 30 120 -75 0 120 -75 -30 115 -75
26 0 0 0 0 270 0 0 0 0 -30 60 75 0 60 75 30 60 75 30 120 -75 0 120 -75 -30 120 -75
26 0 0 0 0 270 0 0 0 0 -30 30 75 0 60 75 30 60 75 30 120 -75 0 120 -75 -30 120 -75
26 0 0 0 0 270 0 0 0 0 -45 60 75 0 60 75 30 60 75 30 120 -75 0 150 -75 -30 120 -75
27 0 0 0 0 270 0 0 0 0 -30 60 75 0 60 75 30 60 75 30 120 -75 15 120 -75 -30 120 -75
28 0 0 0 0 270 0 0 0 0 -30 60 75 0 60 75 30 30 75 30 120 -75 0 120 -75 -30 120 -75
29 0 0 0 0 270 0 0 0 0 -30 60 75 0 60 75 15 60 75 30 120 -75 0 120 -75 -30 120 -75
30 0 0 0 0 270 0 0 0 0 -30 60 75 0 60 75 30 60 75 30 120 -75 0 120 -75 -30 120 -75
30 0 0 0 0 270 0 0 0 0 -30 60 75 0 60 75 30 60 75 30 150 -75 0 120 -75 -30 120 -75
30 0 0 0 0 270 0 0 0 0 -30 60 75 0 30 75 30 60 75 45 120 -75 0 120 -75 -30 120 -75
31 0 0 0 0 270 0 0 0 0 -30 60 75 -15 70 75 30 60 75 30 120 -75 0 120 -75 -30 120 -75
32 0 0 0 0 270 0 0 0 0 -30 60 75 0 65 75 30 60 75 30 120 -75 0 120 -75 -30 150 -75
33 0 0 0 0 270 0 0 0 0 -30 60 75 0 65 75 30 60 75 30 120 -75 0 120 -75 -15 115 -75
34 0 0 0 0 270 0 0 0 0 -30 60 75 0 65 75 30 60 75 30 120 -75 0 120 -75 -30 115 -75
34 0 0 0 0 270 0 0 0 0 -30 60 75 0 60 75 30 60 75 30 120 -75 0 120 -75 -30 120 -75
34 0 0 0 0 270 0 0 0 0 -30 30 75 0 60 75 30 60 75 30 120 -75 0 120 -75 -30 120 -75
34 0 0 0 0 270 0 0 0 0 -45 60 75 0 60 75 30 60 75 30 120 -75 0 150 -75 -30 120 -75
35 0 0 0 0 270 0 0 0 0 -30 60 75 0 60 75 30 60 75 30 120 -75 15 120 -75 -30 120 -75
36 0 0 0 0 270 0 0 0 0 -30 60 75 0 60 75 30 30 75 30 120 -75 0 120 -75 -30 120 -75
37 0 0 0 0 270 0 0 0 0 -30 60 75 0 60 75 15 60 75 30 120 -75 0 120 -75 -30 120 -75
38 0 0 0 0 270 0 0 0 0 -30 60 75 0 60 75 30 60 75 30 120 -75 0 120 -75 -30 120 -75
38 0 0 0 0 270 0 0 0 0 -30 60 75 0 60 75 30 60 75 30 150 -75 0 120 -75 -30 120 -75
38 0 0 0 0 270 0 0 0 0 -30 60 75 0 30 75 30 60 75 45 120 -75 0 120 -75 -30 120 -75
39 0 0 0 0 270 0 0 0 0 -30 60 75 -15 70 75 30 60 75 30 120 -75 0 120 -75 -30 120 -75
40 0 0 0 0 270 0 0 0 0 -30 60 75 0 65 75 30 60 75 30 120 -75 0 120 -75 -30 150 -75
41 0 0 0 0 270 0 0 0 0 -30 60 75 0 65 75 30 60 75 30 120 -75 0 120 -75 -15 115 -75
42 0 0 0 0 270 0 0 0 0 -30 60 75 0 65 75 30 60 75 30 120 -75 0 120 -75 -30 115 -75
42 0 0 0 0 270 0 0 0 0 -30 60 75 0 60 75 30 60 75 30 120 -75 0 120 -75 -30 120 -75
42 0 0 0 0 270 0 0 0 0 -30 30 75 0 60 75 30 60 75 30 120 -75 0 120 -75 -30 120 -75
42 0 0 0 0 270 0 0 0 0 -45 60 75 0 60 75 30 60 75 30 120 -75 0 150 -75 -30 120 -75
43 0 0 0 0 270 0 0 0 0 -30 60 75 0 60 75 30 60 75 30 120 -75 15 120 -75 -30 120 -75
44 0 0 0 0 270 0 0 0 0 -30 60 75 0 60 75 30 30 75 30 120 -75 0 120 -75 -30 120 -75
45 0 0 0 0 270 0 0 0 0 -30 60 75 0 60 75 15 60 75 30 120 -75 0 120 -75 -30 120 -75
46 0 0 0 0 270 0 0 0 0 -30 60 75 0 60 75 30 60 75 30 120 -75 0 120 -75 -30 120 -75
46 0 0 0 0 270 0 0 0 0 -30 60 75 0 60 75 30 60 75 30 150 -75 0 120 -75 -30 120 -75
46 0 0 0 0 270 0 0 0 0 -30 60 75 0 30 75 30 60 75 45 120 -75 0 120 -75 -30 120 -75
47 0 0 0 0 270 0 0 0 0 -30 60 75 -15 70 75 30 60 75 30 120 -75 0 120 -75 -30 120 -75
48 0 0 0 0 270 0 0 0 0 -30 60 75 0 65 75 30 60 75 30 120 -75 0 120 -75 -30 150 -75
49 0 0 0 0 270 0 0 0 0 -30 60 75 0 65 75 30 60 75 30 120 -75 0 120 -75 -15 115 -75
50 0 0 0 0 270 0 0 0 0 -30 60 75 0 65 75 30 60 75 30 120 -75 0 120 -75 -30 115 -75